# name: debug
# type: sparse matrix
# nnz: 3312
# rows: 72
# columns: 72

1 1 1215.5608
2 1 -35.8122605
3 1 109.9266
4 1 -694.470716
5 1 61921.9416
6 1 9591.34687
7 1 -108.395952
8 1 35.3666286
9 1 -2.04477341
10 1 356.27096
11 1 -1842.81603
12 1 -3043.25654
1 2 -35.8122605
2 2 2780.26742
3 2 134.21161
4 2 -102287.956
5 2 725.431786
6 2 -12934.3985
7 2 45.4617133
8 2 -1667.06441
9 2 -26.913356
10 2 23229.9042
11 2 -286.857695
12 2 6230.23101
1 3 109.9266
2 3 134.21161
3 3 46.1620165
4 3 -7369.22448
5 3 6518.07186
6 3 -31.017599
7 3 -1.47308742
8 3 -18.9377076
9 3 -4.69401753
10 3 292.140033
11 3 -12.8642146
12 3 25.8689304
1 4 -694.470716
2 4 -102287.956
3 4 -7369.22448
4 4 4379858.59
5 4 -112171.024
6 4 488827.74
7 4 -301.578227
8 4 43148.2014
9 4 722.319191
10 4 -610777.299
11 4 21615.0029
12 4 -130273.987
1 5 61921.9416
2 5 725.431786
3 5 6518.07186
4 5 -112171.024
5 5 3296838.13
6 5 453301.126
7 5 -3104.88846
8 5 7.52451479
9 5 -33.1319218
10 5 24018.89
11 5 -53806.7355
12 5 -83428.1156
1 6 9591.34687
2 6 -12934.3985
3 6 -31.017599
4 6 488827.74
5 6 453301.126
6 6 233731.571
7 6 -3090.45548
8 6 6662.77411
9 6 80.3572997
10 6 -62628.6133
11 6 -46763.6797
12 6 -124430.356
1 7 -108.395952
2 7 45.4617133
3 7 -1.47308742
4 7 -301.578227
5 7 -3104.88846
6 7 -3090.45548
7 7 1379.55162
8 7 24.3784996
9 7 -114.602068
10 7 -3290.16843
11 7 92148.171
12 7 13006.7704
13 7 -371.813626
14 7 3.13552168
15 7 14.7871853
16 7 -381.144095
17 7 -23735.1666
18 7 -4049.29365
19 7 -125.573595
20 7 -51.0863067
21 7 10.2751173
22 7 2194.04923
23 7 -6802.59115
24 7 -1846.638
1 8 35.3666286
2 8 -1667.06441
3 8 -18.9377076
4 8 43148.2014
5 8 7.52451479
6 8 6662.77411
7 8 24.3784996
8 8 2827.34697
9 8 145.468299
10 8 -111333.706
11 8 3358.11589
12 8 628.298902
13 8 5.75366143
14 8 -361.658133
15 8 -59.6653676
16 8 23643.7985
17 8 524.917492
18 8 -709.044117
19 8 -58.6558322
20 8 -100.667031
21 8 -6.85642712
22 8 5336.39482
23 8 -2630.97183
24 8 -1488.77989
1 9 -2.04477341
2 9 -26.913356
3 9 -4.69401753
4 9 722.319191
5 9 -33.1319218
6 9 80.3572997
7 9 -114.602068
8 9 145.468299
9 9 21.7708797
10 9 -9303.06344
11 9 -6086.74833
12 9 -67.5280974
13 9 27.9042896
14 9 -48.3076438
15 9 -12.7446605
16 9 3283.92597
17 9 1748.42603
18 9 185.387317
19 9 1.16431396
20 9 -8.82510042
21 9 -1.5459334
22 9 535.734294
23 9 119.78524
24 9 -55.2510271
1 10 356.27096
2 10 23229.9042
3 10 292.140033
4 10 -610777.299
5 10 24018.89
6 10 -62628.6133
7 10 -3290.16843
8 10 -111333.706
9 10 -9303.06344
10 10 7216610.69
11 10 -189924.861
12 10 -445893.135
13 10 -759.834123
14 10 29341.8288
15 10 4964.86963
16 10 -1946122.47
17 10 -61595.1509
18 10 51325.3697
19 10 4423.38413
20 10 8386.5984
21 10 697.452031
22 10 -454757.541
23 10 200666.973
24 10 119073.936
1 11 -1842.81603
2 11 -286.857695
3 11 -12.8642146
4 11 21615.0029
5 11 -53806.7355
6 11 -46763.6797
7 11 92148.171
8 11 3358.11589
9 11 -6086.74833
10 11 -189924.861
11 11 7055783.23
12 11 836574.254
13 11 -29822.5731
14 11 543.195729
15 11 1170.00525
16 11 -49874.4874
17 11 -1925761.18
18 11 -333057.724
19 11 -10488.6669
20 11 -3798.34847
21 11 919.743924
22 11 164529.603
23 11 -577435.567
24 11 -150491.576
1 12 -3043.25654
2 12 6230.23101
3 12 25.8689304
4 12 -130273.987
5 12 -83428.1156
6 12 -124430.356
7 12 13006.7704
8 12 628.298902
9 12 -67.5280974
10 12 -445893.135
11 12 836574.254
12 12 309647.331
13 12 -4081.74823
14 12 -1968.45333
15 12 -195.58219
16 12 126068.231
17 12 -268388.331
18 12 -69728.816
19 12 -1957.39443
20 12 -1229.96406
21 12 104.74438
22 12 58450.7353
23 12 -102730.56
24 12 -32868.4837
7 13 -371.813626
8 13 5.75366143
9 13 27.9042896
10 13 -759.834123
11 13 -29822.5731
12 13 -4081.74823
13 13 960.074862
14 13 16.1672237
15 13 -68.5264667
16 13 -1132.83163
17 13 57711.4722
18 13 8977.74738
19 13 -292.911063
20 13 -25.8470653
21 13 64.2726003
22 13 1523.61371
23 13 -12606.6803
24 13 -2303.21773
7 14 3.13552168
8 14 -361.658133
9 14 -48.3076438
10 14 29341.8288
11 14 543.195729
12 14 -1968.45333
13 14 16.1672237
14 14 1803.19771
15 14 151.592766
16 14 -88872.3515
17 14 921.301325
18 14 11149.7167
19 14 -18.1946807
20 14 -1149.82204
21 14 -43.3227622
22 14 31143.1625
23 14 -1129.54665
24 14 -12828.6258
7 15 14.7871853
8 15 -59.6653676
9 15 -12.7446605
10 15 4964.86963
11 15 1170.00525
12 15 -195.58219
13 15 -68.5264667
14 15 151.592766
15 15 40.5281527
16 15 -9496.57641
17 15 -3596.10897
18 15 211.530475
19 15 19.138241
20 15 -54.4527382
21 15 -14.9413381
22 15 2109.2074
23 15 730.415343
24 15 -492.942995
7 16 -381.144095
8 16 23643.7985
9 16 3283.92597
10 16 -1946122.47
11 16 -49874.4874
12 16 126068.231
13 16 -1132.83163
14 16 -88872.3515
15 16 -9496.57641
16 16 4835989.03
17 16 -44030.126
18 16 -491028.981
19 16 1730.22695
20 16 47698.7553
21 16 2480.72867
22 16 -1432976.77
23 16 76867.662
24 16 531561.102
7 17 -23735.1666
8 17 524.917492
9 17 1748.42603
10 17 -61595.1509
11 17 -1925761.18
12 17 -268388.331
13 17 57711.4722
14 17 921.301325
15 17 -3596.10897
16 17 -44030.126
17 17 3608333.14
18 17 581481.521
19 17 -16211.0586
20 17 -1900.70189
21 17 3274.28611
22 17 91189.5395
23 17 -731924.888
24 17 -143124.406
7 18 -4049.29365
8 18 -709.044117
9 18 185.387317
10 18 51325.3697
11 18 -333057.724
12 18 -69728.816
13 18 8977.74738
14 18 11149.7167
15 18 211.530475
16 18 -491028.981
17 18 581481.521
18 18 197868.485
19 18 -2346.56024
20 18 -8819.82269
21 18 167.816729
22 18 224491.787
23 18 -115424.64
24 18 -120370.836
7 19 -125.573595
8 19 -58.6558322
9 19 1.16431396
10 19 4423.38413
11 19 -10488.6669
12 19 -1957.39443
13 19 -292.911063
14 19 -18.1946807
15 19 19.138241
16 19 1730.22695
17 19 -16211.0586
18 19 -2346.56024
19 19 2026.33299
20 19 42.8311186
21 19 -176.875249
22 19 -10069.806
23 19 104784.055
24 19 13218.2394
25 19 -1312.88439
26 19 77.6987
27 19 52.9618995
28 19 5520.60741
29 19 -46410.2797
30 19 -8743.29675
31 19 -103.362039
32 19 -65.0705406
33 19 -9.9961181
34 19 1377.72511
35 19 -4484.71319
36 19 -1120.68095
37 19 -22.9186582
38 19 -0.172629201
39 19 -1.46910887
40 19 44.2901205
41 19 -2107.09859
42 19 -108.744465
43 19 -14.0977431
44 19 -1.03207976
45 19 -0.64466521
46 19 102.189958
47 19 -1200.01206
48 19 -11.8028945
49 19 -17.9599352
50 19 -1.72222402
51 19 -0.491113359
52 19 121.208588
53 19 -1297.60991
54 19 -26.1617623
55 19 -11.9227185
56 19 -0.137539952
57 19 -0.224963575
58 19 9.91181932
59 19 -899.439787
60 19 -40.1716615
61 19 -14.5870714
62 19 1.29720545
63 19 -0.780891303
64 19 -82.3566242
65 19 -957.461753
66 19 -58.1244188
67 19 -9.67435363
68 19 4.01200412
69 19 -0.788884968
70 19 -196.975766
71 19 -486.956832
72 19 -59.0829464
7 20 -51.0863067
8 20 -100.667031
9 20 -8.82510042
10 20 8386.5984
11 20 -3798.34847
12 20 -1229.96406
13 20 -25.8470653
14 20 -1149.82204
15 20 -54.4527382
16 20 47698.7553
17 20 -1900.70189
18 20 -8819.82269
19 20 42.8311186
20 20 5079.39754
21 20 70.2301026
22 20 -180977.034
23 20 10126.4401
24 20 23504.1907
25 20 119.083401
26 20 -3380.27472
27 20 -127.455788
28 20 77146.4154
29 20 -4430.15114
30 20 -3844.43299
31 20 -45.6230176
32 20 -229.778958
33 20 -3.4923549
34 20 7683.74033
35 20 -752.881211
36 20 259.529607
37 20 0.107882004
38 20 -22.8569957
39 20 -1.07922371
40 20 2111.46819
41 20 -14.0103912
42 20 137.980096
43 20 -0.85343128
44 20 -15.1045291
45 20 -0.152977672
46 20 1284.20084
47 20 -80.3801718
48 20 51.1672493
49 20 -1.69690371
50 20 -20.4266179
51 20 -0.330690888
52 20 1448.63371
53 20 -116.886753
54 20 31.971936
55 20 -0.821740645
56 20 -11.1370717
57 20 -0.51505599
58 20 842.289135
59 20 -60.0625749
60 20 12.6892257
61 20 -0.030615194
62 20 -13.5814893
63 20 -0.758674027
64 20 892.29325
65 20 -2.86455211
66 20 51.9544847
67 20 5.53130846
68 20 -9.83919266
69 20 -0.118803159
70 20 491.216143
71 20 275.019286
72 20 76.3004914
7 21 10.2751173
8 21 -6.85642712
9 21 -1.5459334
10 21 697.452031
11 21 919.743924
12 21 104.74438
13 21 64.2726003
14 21 -43.3227622
15 21 -14.9413381
16 21 2480.72867
17 21 3274.28611
18 21 167.816729
19 21 -176.875249
