# name: debug
# type: sparse matrix
# nnz: 3312
# rows: 72
# columns: 72

1 1 1215.5608
2 1 -35.8122605
3 1 109.9266
4 1 -694.470716
5 1 61921.9416
6 1 9591.34687
7 1 -108.395952
8 1 35.3666286
9 1 -2.04477341
10 1 356.27096
11 1 -1842.81603
12 1 -3043.25654
1 2 -35.8122605
2 2 2780.26742
3 2 134.21161
4 2 -102287.956
5 2 725.431786
6 2 -12934.3985
7 2 45.4617133
8 2 -1667.06441
9 2 -26.913356
10 2 23229.9042
11 2 -286.857695
12 2 6230.23101
1 3 109.9266
2 3 134.21161
3 3 46.1620165
4 3 -7369.22448
5 3 6518.07186
6 3 -31.017599
7 3 -1.47308742
8 3 -18.9377076
9 3 -4.69401753
10 3 292.140033
11 3 -12.8642146
12 3 25.8689304
1 4 -694.470716
2 4 -102287.956
3 4 -7369.22448
4 4 4379858.59
5 4 -112171.024
6 4 488827.74
7 4 -301.578227
8 4 43148.2014
9 4 722.319191
10 4 -610777.299
11 4 21615.0029
12 4 -130273.987
1 5 61921.9416
2 5 725.431786
3 5 6518.07186
4 5 -112171.024
5 5 3296838.13
6 5 453301.126
7 5 -3104.88846
8 5 7.52451479
9 5 -33.1319218
10 5 24018.89
11 5 -53806.7355
12 5 -83428.1156
1 6 9591.34687
2 6 -12934.3985
3 6 -31.017599
4 6 488827.74
5 6 453301.126
6 6 233731.571
7 6 -3090.45548
8 6 6662.77411
9 6 80.3572997
10 6 -62628.6133
11 6 -46763.6797
12 6 -124430.356
1 7 -108.395952
2 7 45.4617133
3 7 -1.47308742
4 7 -301.578227
5 7 -3104.88846
6 7 -3090.45548
7 7 1379.55162
8 7 24.3784996
9 7 -114.602068
10 7 -3290.16843
11 7 92148.171
12 7 13006.7704
13 7 -371.813626
14 7 3.13552168
15 7 14.7871853
16 7 -381.144095
17 7 -23735.1666
18 7 -4049.29365
19 7 -125.573595
20 7 -51.0863067
21 7 10.2751173
22 7 2194.04923
23 7 -6802.59115
24 7 -1846.638
1 8 35.3666286
2 8 -1667.06441
3 8 -18.9377076
4 8 43148.2014
5 8 7.52451479
6 8 6662.77411
7 8 24.3784996
8 8 2827.34697
9 8 145.468299
10 8 -111333.706
11 8 3358.11589
12 8 628.298902
13 8 5.75366143
14 8 -361.658133
15 8 -59.6653676
16 8 23643.7985
17 8 524.917492
18 8 -709.044117
19 8 -58.6558322
20 8 -100.667031
21 8 -6.85642712
22 8 5336.39482
23 8 -2630.97183
24 8 -1488.77989
1 9 -2.04477341
2 9 -26.913356
3 9 -4.69401753
4 9 722.319191
5 9 -33.1319218
6 9 80.3572997
7 9 -114.602068
8 9 145.468299
9 9 21.7708797
10 9 -9303.06344
11 9 -6086.74833
12 9 -67.5280974
13 9 27.9042896
14 9 -48.3076438
15 9 -12.7446605
16 9 3283.92597
17 9 1748.42603
18 9 185.387317
19 9 1.16431396
20 9 -8.82510042
21 9 -1.5459334
22 9 535.734294
23 9 119.78524
24 9 -55.2510271
1 10 356.27096
2 10 23229.9042
3 10 292.140033
4 10 -610777.299
5 10 24018.89
6 10 -62628.6133
7 10 -3290.16843
8 10 -111333.706
9 10 -9303.06344
10 10 7216610.69
11 10 -189924.861
12 10 -445893.135
13 10 -759.834123
14 10 29341.8288
15 10 4964.86963
16 10 -1946122.47
17 10 -61595.1509
18 10 51325.3697
19 10 4423.38413
20 10 8386.5984
21 10 697.452031
22 10 -454757.541
23 10 200666.973
24 10 119073.936
1 11 -1842.81603
2 11 -286.857695
3 11 -12.8642146
4 11 21615.0029
5 11 -53806.7355
6 11 -46763.6797
7 11 92148.171
8 11 3358.11589
9 11 -6086.74833
10 11 -189924.861
11 11 7055783.23
12 11 836574.254
13 11 -29822.5731
14 11 543.195729
15 11 1170.00525
16 11 -49874.4874
17 11 -1925761.18
18 11 -333057.724
19 11 -10488.6669
20 11 -3798.34847
21 11 919.743924
22 11 164529.603
23 11 -577435.567
24 11 -150491.576
1 12 -3043.25654
2 12 6230.23101
3 12 25.8689304
4 12 -130273.987
5 12 -83428.1156
6 12 -124430.356
7 12 13006.7704
8 12 628.298902
9 12 -67.5280974
10 12 -445893.135
11 12 836574.254
12 12 309647.331
13 12 -4081.74823
14 12 -1968.45333
15 12 -195.58219
16 12 126068.231
17 12 -268388.331
18 12 -69728.816
19 12 -1957.39443
20 12 -1229.96406
21 12 104.74438
22 12 58450.7353
23 12 -102730.56
24 12 -32868.4837
7 13 -371.813626
8 13 5.75366143
9 13 27.9042896
10 13 -759.834123
11 13 -29822.5731
12 13 -4081.74823
13 13 960.074862
14 13 16.1672237
15 13 -68.5264667
16 13 -1132.83163
17 13 57711.4722
18 13 8977.74738
19 13 -292.911063
20 13 -25.8470653
21 13 64.2726003
22 13 1523.61371
23 13 -12606.6803
24 13 -2303.21773
7 14 3.13552168
8 14 -361.658133
9 14 -48.3076438
10 14 29341.8288
11 14 543.195729
12 14 -1968.45333
13 14 16.1672237
14 14 1803.19771
15 14 151.592766
16 14 -88872.3515
17 14 921.301325
18 14 11149.7167
19 14 -18.1946807
20 14 -1149.82204
21 14 -43.3227622
22 14 31143.1625
23 14 -1129.54665
24 14 -12828.6258
7 15 14.7871853
8 15 -59.6653676
9 15 -12.7446605
10 15 4964.86963
11 15 1170.00525
12 15 -195.58219
13 15 -68.5264667
14 15 151.592766
15 15 40.5281527
16 15 -9496.57641
17 15 -3596.10897
18 15 211.530475
19 15 19.138241
20 15 -54.4527382
21 15 -14.9413381
22 15 2109.2074
23 15 730.415343
24 15 -492.942995
7 16 -381.144095
8 16 23643.7985
9 16 3283.92597
10 16 -1946122.47
11 16 -49874.4874
12 16 126068.231
13 16 -1132.83163
14 16 -88872.3515
15 16 -9496.57641
16 16 4835989.03
17 16 -44030.126
18 16 -491028.981
19 16 1730.22695
20 16 47698.7553
21 16 2480.72867
22 16 -1432976.77
23 16 76867.662
24 16 531561.102
7 17 -23735.1666
8 17 524.917492
9 17 1748.42603
10 17 -61595.1509
11 17 -1925761.18
12 17 -268388.331
13 17 57711.4722
14 17 921.301325
15 17 -3596.10897
16 17 -44030.126
17 17 3608333.14
18 17 581481.521
19 17 -16211.0586
20 17 -1900.70189
21 17 3274.28611
22 17 91189.5395
23 17 -731924.888
24 17 -143124.406
7 18 -4049.29365
8 18 -709.044117
9 18 185.387317
10 18 51325.3697
11 18 -333057.724
12 18 -69728.816
13 18 8977.74738
14 18 11149.7167
15 18 211.530475
16 18 -491028.981
17 18 581481.521
18 18 197868.485
19 18 -2346.56024
20 18 -8819.82269
21 18 167.816729
22 18 224491.787
23 18 -115424.64
24 18 -120370.836
7 19 -125.573595
8 19 -58.6558322
9 19 1.16431396
10 19 4423.38413
11 19 -10488.6669
12 19 -1957.39443
13 19 -292.911063
14 19 -18.1946807
15 19 19.138241
16 19 1730.22695
17 19 -16211.0586
18 19 -2346.56024
19 19 2026.33299
20 19 42.8311186
21 19 -176.875249
22 19 -10069.806
23 19 104784.055
24 19 13218.2394
25 19 -1312.88439
26 19 77.6987
27 19 52.9618995
28 19 5520.60741
29 19 -46410.2797
30 19 -8743.29675
31 19 -103.362039
32 19 -65.0705406
33 19 -9.9961181
34 19 1377.72511
35 19 -4484.71319
36 19 -1120.68095
37 19 -22.9186582
38 19 -0.172629201
39 19 -1.46910887
40 19 44.2901205
41 19 -2107.09859
42 19 -108.744465
43 19 -14.0977431
44 19 -1.03207976
45 19 -0.64466521
46 19 102.189958
47 19 -1200.01206
48 19 -11.8028945
49 19 -17.9599352
50 19 -1.72222402
51 19 -0.491113359
52 19 121.208588
53 19 -1297.60991
54 19 -26.1617623
55 19 -11.9227185
56 19 -0.137539952
57 19 -0.224963575
58 19 9.91181932
59 19 -899.439787
60 19 -40.1716615
61 19 -14.5870714
62 19 1.29720545
63 19 -0.780891303
64 19 -82.3566242
65 19 -957.461753
66 19 -58.1244188
67 19 -9.67435363
68 19 4.01200412
69 19 -0.788884968
70 19 -196.975766
71 19 -486.956832
72 19 -59.0829464
7 20 -51.0863067
8 20 -100.667031
9 20 -8.82510042
10 20 8386.5984
11 20 -3798.34847
12 20 -1229.96406
13 20 -25.8470653
14 20 -1149.82204
15 20 -54.4527382
16 20 47698.7553
17 20 -1900.70189
18 20 -8819.82269
19 20 42.8311186
20 20 5079.39754
21 20 70.2301026
22 20 -180977.034
23 20 10126.4401
24 20 23504.1907
25 20 119.083401
26 20 -3380.27472
27 20 -127.455788
28 20 77146.4154
29 20 -4430.15114
30 20 -3844.43299
31 20 -45.6230176
32 20 -229.778958
33 20 -3.4923549
34 20 7683.74033
35 20 -752.881211
36 20 259.529607
37 20 0.107882004
38 20 -22.8569957
39 20 -1.07922371
40 20 2111.46819
41 20 -14.0103912
42 20 137.980096
43 20 -0.85343128
44 20 -15.1045291
45 20 -0.152977672
46 20 1284.20084
47 20 -80.3801718
48 20 51.1672493
49 20 -1.69690371
50 20 -20.4266179
51 20 -0.330690888
52 20 1448.63371
53 20 -116.886753
54 20 31.971936
55 20 -0.821740645
56 20 -11.1370717
57 20 -0.51505599
58 20 842.289135
59 20 -60.0625749
60 20 12.6892257
61 20 -0.030615194
62 20 -13.5814893
63 20 -0.758674027
64 20 892.29325
65 20 -2.86455211
66 20 51.9544847
67 20 5.53130846
68 20 -9.83919266
69 20 -0.118803159
70 20 491.216143
71 20 275.019286
72 20 76.3004914
7 21 10.2751173
8 21 -6.85642712
9 21 -1.5459334
10 21 697.452031
11 21 919.743924
12 21 104.74438
13 21 64.2726003
14 21 -43.3227622
15 21 -14.9413381
16 21 2480.72867
17 21 3274.28611
18 21 167.816729
19 21 -176.875249
20 21 70.2301026
21 21 82.294633
22 21 -4438.40452
23 21 -8839.89784
24 21 -56.4048118
25 21 89.9518958
26 21 -21.7918395
27 21 -35.606289
28 21 1643.4164
29 21 3687.28488
30 21 217.536713
31 21 4.74220095
32 21 5.1977743
33 21 0.870568515
34 21 -79.0491768
35 21 178.622383
36 21 62.1177321
37 21 0.568161019
38 21 -0.623525304
39 21 -0.037601569
40 21 59.0130809
41 21 52.9708361
42 21 6.7547484
43 21 0.47028689
44 21 0.0618589819
45 21 0.0161956501
46 21 -1.87360991
47 21 41.1030404
48 21 0.381951402
49 21 0.612333911
50 21 0.11350857
51 21 0.00898534131
52 21 -2.90680375
53 21 45.47617
54 21 0.786593702
55 21 0.459388823
56 21 -0.159527793
57 21 0.0012647004
58 21 12.0852223
59 21 34.6787974
60 21 1.77662605
61 21 0.576445484
62 21 -0.252527274
63 21 0.0196385415
64 21 16.4779771
65 21 37.8167458
66 21 3.06826604
67 21 0.465750509
68 21 -0.304331903
69 21 0.0295769867
70 21 15.0600611
71 21 23.3933945
72 21 3.47094771
7 22 2194.04923
8 22 5336.39482
9 22 535.734294
10 22 -454757.541
11 22 164529.603
12 22 58450.7353
13 22 1523.61371
14 22 31143.1625
15 22 2109.2074
16 22 -1432976.77
17 22 91189.5395
18 22 224491.787
19 22 -10069.806
20 22 -180977.034
21 22 -4438.40452
22 22 9152558.89
23 22 -554481.268
24 22 -1026612.95
25 22 3233.46925
26 22 112874.365
27 22 5948.3188
28 22 -3362716.21
29 22 261825.376
30 22 320120.521
31 22 1893.23123
32 22 13701.6874
33 22 217.126825
34 22 -568426.245
35 22 29519.278
36 22 -36488.2491
37 22 0.467991379
38 22 2974.12202
39 22 144.091467
40 22 -278936.028
41 22 3400.52225
42 22 -17854.6005
43 22 118.809908
44 22 1974.93959
45 22 26.1914982
46 22 -172777.583
47 22 11374.151
48 22 -6599.71247
49 22 215.543461
50 22 2640.20204
51 22 51.660612
52 22 -193667.94
53 22 15269.0013
54 22 -3867.14533
55 22 119.920057
56 22 1675.68625
57 22 77.4010176
58 22 -126845.818
59 22 8760.48545
60 22 -1923.44281
61 22 1.28090812
62 22 2044.38559
63 22 113.960759
64 22 -134454.972
65 22 209.933846
66 22 -7839.67403
67 22 -819.403521
68 22 1456.79568
69 22 17.5357803
70 22 -72732.1218
71 22 -40742.9927
72 22 -11298.6274
7 23 -6802.59115
8 23 -2630.97183
9 23 119.78524
10 23 200666.973
11 23 -577435.567
12 23 -102730.56
13 23 -12606.6803
14 23 -1129.54665
15 23 730.415343
16 23 76867.662
17 23 -731924.888
18 23 -115424.64
19 23 104784.055
20 23 10126.4401
21 23 -8839.89784
22 23 -554481.268
23 23 7059841.5
24 23 621467.588
25 23 -60524.6848
26 23 -4550.38539
27 23 2895.74415
28 23 305765.607
29 23 -2468543.26
30 23 -360883.871
31 23 -7211.83492
32 23 -3022.5937
33 23 -674.581763
34 23 66769.7372
35 23 -407115.879
36 23 -72728.2335
37 23 -2969.03192
38 23 -41.8162082
39 23 -188.084511
40 23 7811.76792
41 23 -277038.072
42 23 -14324.2792
43 23 -1845.12927
44 23 -149.003734
45 23 -82.1108881
46 23 14889.5437
47 23 -161607.418
48 23 -2039.30771
49 23 -2348.14286
50 23 -221.576269
51 23 -60.3812162
52 23 16054.8509
53 23 -175430.575
54 23 -4180.96337
55 23 -1795.54288
56 23 -18.5113124
57 23 -33.774731
58 23 1325.54068
59 23 -135576.221
60 23 -6056.2339
61 23 -2197.66727
62 23 196.954582
63 23 -117.545258
64 23 -12521.3626
65 23 -144400.208
66 23 -8768.54515
67 23 -1434.44147
68 23 595.375788
69 23 -116.929689
70 23 -29232.583
71 23 -72204.7307
72 23 -8763.02546
7 24 -1846.638
8 24 -1488.77989
9 24 -55.2510271
10 24 119073.936
11 24 -150491.576
12 24 -32868.4837
13 24 -2303.21773
14 24 -12828.6258
15 24 -492.942995
16 24 531561.102
17 24 -143124.406
18 24 -120370.836
19 24 13218.2394
20 24 23504.1907
21 24 -56.4048118
22 24 -1026612.95
23 24 621467.588
24 24 485577.825
25 24 -7492.05277
26 24 -7504.20886
27 24 -529.272521
28 24 403819.33
29 24 -208430.043
30 24 -246325.499
31 24 -1204.34176
32 24 -931.369323
33 24 -91.537352
34 24 24279.486
35 24 -41914.4825
36 24 -14071.872
37 24 -91.6243541
38 24 -68.9469401
39 24 -8.86670014
40 24 6834.82748
41 24 -8822.78311
42 24 -526.601572
43 24 -5.39159758
44 24 -69.8997941
45 24 -0.947493954
46 24 6337.36482
47 24 -1006.07926
48 24 169.500311
49 24 -8.19997429
50 24 -89.7610352
51 24 -1.72510138
52 24 6888.05294
53 24 -1226.48508
54 24 36.5139553
55 24 -31.373451
56 24 -66.5338484
57 24 -3.56170945
58 24 5034.46209
59 24 -2357.42382
60 24 -13.8276913
61 24 -32.6390091
62 24 -77.9153209
63 24 -6.24940503
64 24 5129.63949
65 24 -2149.79201
66 24 179.844414
67 24 11.3435831
68 24 -49.0251254
69 24 -2.42191442
70 24 2455.21908
71 24 551.461098
72 24 319.003513
19 25 -1312.88439
20 25 119.083401
21 25 89.9518958
22 25 3233.46925
23 25 -60524.6848
24 25 -7492.05277
25 25 4860.74753
26 25 265.523536
27 25 -230.017467
28 25 -16041.1443
29 25 221495.346
30 25 26100.7292
31 25 -3190.89321
32 25 -600.656334
33 25 18.9502679
34 25 14866.5726
35 25 -90102.9589
36 25 -11667.235
37 25 -146.499991
38 25 209.5328
39 25 -28.3532076
40 25 -4886.52834
41 25 -10375.4615
42 25 -912.434303
43 25 -45.2309346
44 25 42.0676021
45 25 7.3119619
46 25 -1028.01589
47 25 -2942.50193
48 25 -166.971575
49 25 -24.7385006
50 25 -1.95480301
51 25 -0.564028669
52 25 131.319954
53 25 -2040.67337
54 25 -81.3470015
55 25 -18.6668689
56 25 0.111127127
57 25 -0.247411062
58 25 -15.6893176
59 25 -1632.53776
60 25 -105.092964
61 25 -22.4688908
62 25 2.19955659
63 25 -1.04093661
64 25 -157.648109
65 25 -1733.70578
66 25 -140.448546
67 25 -15.5358737
68 25 5.31867155
69 25 -0.9788895
70 25 -258.174298
71 25 -906.955038
72 25 -92.1205712
19 26 77.6987
20 26 -3380.27472
21 26 -21.7918395
22 26 112874.365
23 26 -4550.38539
24 26 -7504.20886
25 26 265.523536
26 26 9164.93365
27 26 323.300115
28 26 -336321.264
29 26 15673.3248
30 26 26626.7684
31 26 -644.362318
32 26 -4615.68905
33 26 -161.820315
34 26 115986.539
35 26 -15665.6688
36 26 -11285.0669
37 26 188.379333
38 26 -885.269015
39 26 -8.21106992
40 26 22859.161
41 26 4420.93609
42 26 89.5929679
43 26 40.4967094
44 26 -111.982856
45 26 2.15512171
46 26 4754.93648
47 26 992.019907
48 26 321.98256
49 26 -2.07576072
50 26 -28.1117325
51 26 -0.698934608
52 26 2249.23181
53 26 -144.526646
54 26 42.1581998
55 26 -1.08281456
56 26 -17.5704157
57 26 -0.969091606
58 26 1548.14043
59 26 -79.2814563
60 26 21.2615806
61 26 -0.496990577
62 26 -21.2630027
63 26 -1.377763
64 26 1641.63807
65 26 -38.6201963
66 26 87.6562479
67 26 5.60340299
68 26 -16.5148059
69 26 -0.525628716
70 26 944.89885
71 26 273.415196
72 26 101.353113
19 27 52.9618995
20 27 -127.455788
21 27 -35.606289
22 27 5948.3188
23 27 2895.74415
24 27 -529.272521
25 27 -230.017467
26 27 323.300115
27 27 102.191967
28 27 -14762.6513
29 27 -8733.86508
30 27 367.730278
31 27 153.242253
32 27 -157.451008
33 27 -49.2385741
34 27 4807.23607
35 27 2928.31367
36 27 155.545933
37 27 0.749828811
38 27 -32.7543308
39 27 5.32099099
40 27 966.839088
41 27 264.686638
42 27 37.3785128
43 27 4.85861132
44 27 -2.69192063
45 27 0.326661243
46 27 148.357877
47 27 130.164944
48 27 13.7464354
49 27 -0.241763165
50 27 -0.935497603
51 27 -0.064132838
52 27 99.1579161
53 27 -19.1981253
54 27 0.766982566
55 27 -0.0738894669
56 27 -0.924609835
57 27 -0.0724860798
58 27 92.7552393
59 27 -8.98167023
60 27 0.91914473
61 27 -0.0454753399
62 27 -1.09128199
63 27 -0.0966349136
64 27 96.3465347
65 27 -7.15554167
66 27 4.67382205
67 27 0.348423006
68 27 -0.708148791
69 27 -0.0198903785
70 27 40.3302285
71 27 20.3552435
72 27 4.85481697
19 28 5520.60741
20 28 77146.4154
21 28 1643.4164
22 28 -3362716.21
23 28 305765.607
24 28 403819.33
25 28 -16041.1443
26 28 -336321.264
27 28 -14762.6513
28 28 16641375.8
29 28 -427250.513
30 28 -1034636.29
31 28 25127.4843
32 28 186878.877
33 28 7679.77838
34 28 -5251411.04
35 28 625997.259
36 28 280455.452
37 28 -9527.83359
38 28 46860.796
39 28 587.786705
40 28 -1562370.57
41 28 -232483.236
42 28 -48680.4178
43 28 -2420.26952
44 28 8695.69285
45 28 -81.8520742
46 28 -468203.785
47 28 -53743.9174
48 28 -25128.6346
49 28 243.615773
50 28 3591.32607
51 28 122.970479
52 28 -315776.226
53 28 17901.2494
54 28 -5589.07667
55 28 147.753619
56 28 2678.45118
57 28 161.78225
58 28 -248545.653
59 28 10803.7677
60 28 -4194.15878
61 28 69.1570095
62 28 3221.40349
63 28 224.311865
64 28 -262510.337
65 28 5563.03585
66 28 -14789.5843
67 28 -767.718671
68 28 2389.72538
69 28 79.3642396
70 28 -138900.303
71 28 -37367.9906
72 28 -14271.8204
19 29 -46410.2797
20 29 -4430.15114
21 29 3687.28488
22 29 261825.376
23 29 -2468543.26
24 29 -208430.043
25 29 221495.346
26 29 15673.3248
27 29 -8733.86508
28 29 -427250.513
29 29 12760867
30 29 1198760.83
31 29 -139271.318
32 29 -23155.6087
33 29 -1142.61031
34 29 584370.791
35 29 -4417266.69
36 29 -533951.972
37 29 -14427.901
38 29 10576.9329
39 29 -1166.7394
40 29 -259309.414
41 29 -975694.859
42 29 -78555.6736
43 29 -4547.76915
44 29 2489.63738
45 29 403.474713
46 29 -53804.5202
47 29 -348160.387
48 29 -17497.5637
49 29 -3219.70764
50 29 -224.524897
51 29 -66.9288885
52 29 15410.6203
53 29 -290759.315
54 29 -15397.1549
55 29 -2830.71049
56 29 24.0761108
57 29 -39.9748548
58 29 -3211.4586
59 29 -260156.678
60 29 -18996.3121
61 29 -3397.73864
62 29 327.083374
63 29 -159.746442
64 29 -24465.4159
65 29 -276556.027
66 29 -24848.5544
67 29 -2259.24827
68 29 727.58575
69 29 -139.425127
70 29 -35236.2112
71 29 -134052.317
72 29 -13196.9316
19 30 -8743.29675
20 30 -3844.43299
21 30 217.536713
22 30 320120.521
23 30 -360883.871
24 30 -246325.499
25 30 26100.7292
26 30 26626.7684
27 30 367.730278
28 30 -1034636.29
29 30 1198760.83
30 30 564013.58
31 30 -15460.3789
32 30 -21248.5049
33 30 -793.246253
34 30 403094.263
35 30 -463002.544
36 30 -223975.939
37 30 -1003.36699
38 30 -1192.28383
39 30 -41.2587032
40 30 -2731.85646
41 30 -69893.8765
42 30 -30107.9224
43 30 -193.441012
44 30 177.127162
45 30 18.7240062
46 30 -4665.2262
47 30 -17250.0336
48 30 -2858.05682
49 30 -132.062001
50 30 22.9758654
51 30 -1.31256264
52 30 -2310.36428
53 30 -15911.9588
54 30 -1704.40271
55 30 -162.044035
56 30 9.34769672
57 30 -1.65692252
58 30 -1790.98953
59 30 -17439.3658
60 30 -1962.03075
61 30 -192.836978
62 30 25.0592945
63 30 -8.32454739
64 30 -2995.83228
65 30 -18582.7412
66 30 -2489.63689
67 30 -101.803144
68 30 17.921187
69 30 -7.21559731
70 30 -350.277601
71 30 -5995.70055
72 30 -562.359682
19 31 -103.362039
20 31 -45.6230176
21 31 4.74220095
22 31 1893.23123
23 31 -7211.83492
24 31 -1204.34176
25 31 -3190.89321
26 31 -644.362318
27 31 153.242253
28 31 25127.4843
29 31 -139271.318
30 31 -15460.3789
31 31 5856.53096
32 31 584.92066
33 31 52.8135538
34 31 -10190.7417
35 31 222659.831
36 31 18958.359
37 31 -1923.02715
38 31 44.0527391
39 31 63.8942751
40 31 -3164.88541
41 31 -52322.1948
42 31 -3346.67665
43 31 -325.685842
44 31 48.9467581
45 31 -4.19628347
46 31 -1101.30289
47 31 -17140.2309
48 31 -562.355569
49 31 -100.229512
50 31 5.28558708
51 31 -2.09354331
52 31 -217.271695
53 31 -7180.4698
54 31 -439.121048
55 31 -37.9016248
56 31 0.0861286119
57 31 -0.458338787
58 31 -7.23159291
59 31 -3038.54914
60 31 -206.675916
61 31 -47.5762675
62 31 4.07538553
63 31 -2.1588905
64 31 -256.420543
65 31 -3317.07168
66 31 -284.470369
67 31 -32.0625441
68 31 6.93452066
69 31 -2.10683447
70 31 -331.498843
71 31 -1780.67063
72 31 -226.04252
19 32 -65.0705406
20 32 -229.778958
21 32 5.1977743
22 32 13701.6874
23 32 -3022.5937
24 32 -931.369323
25 32 -600.656334
26 32 -4615.68905
27 32 -157.451008
28 32 186878.877
29 32 -23155.6087
30 32 -21248.5049
31 32 584.92066
32 32 10573.2176
33 32 253.472107
34 32 -330932.749
35 32 9582.82273
36 32 13497.0814
37 32 -6.72507718
38 32 -4946.09669
39 32 -54.7556921
40 32 89077.0117
41 32 2120.76853
42 32 -11922.3321
43 32 45.5182245
44 32 -395.242746
45 32 -4.80062656
46 32 18985.5799
47 32 1035.42853
48 32 839.480625
49 32 0.856893063
50 32 -187.52669
51 32 -5.70413512
52 32 10622.4632
53 32 -28.9038152
54 32 687.364501
55 32 -2.18769072
56 32 -37.6733544
57 32 -2.46043233
58 32 3034.15777
59 32 -162.552597
60 32 25.174423
61 32 -0.997766009
62 32 -43.9170254
63 32 -3.25124181
64 32 3084.7808
65 32 -85.6843587
66 32 152.123993
67 32 8.71261572
68 32 -20.0351114
69 32 -0.302593587
70 32 1142.42502
71 32 432.988517
72 32 147.273091
19 33 -9.9961181
20 33 -3.4923549
21 33 0.870568515
22 33 217.126825
23 33 -674.581763
24 33 -91.537352
25 33 18.9502679
26 33 -161.820315
27 33 -49.2385741
28 33 7679.77838
29 33 -1142.61031
30 33 -793.246253
31 33 52.8135538
32 33 253.472107
33 33 108.80216
34 33 -9979.88667
35 33 8486.11781
36 33 607.771936
37 33 -42.0667415
38 33 -75.2792792
39 33 -31.5481343
40 33 2172.35106
41 33 -2788.31598
42 33 -238.336412
43 33 -17.9426439
44 33 -3.64113186
45 33 -1.75482033
46 33 403.097514
47 33 -1077.46736
48 33 -15.5516591
49 33 -8.20430032
50 33 -3.54063012
51 33 -0.536962421
52 33 316.160792
53 33 -607.212793
54 33 -23.4586579
55 33 -2.75212825
56 33 -1.70990037
57 33 -0.188915576
58 33 151.76546
59 33 -224.18045
60 33 -13.6722838
61 33 -3.3759971
62 33 -1.59086965
63 33 -0.342309853
64 33 129.670139
65 33 -240.734985
66 33 -13.1217674
67 33 -1.60231442
68 33 -0.0521934615
69 33 -0.121620289
70 33 7.17980239
71 33 -87.6889927
72 33 -8.68910621
19 34 1377.72511
20 34 7683.74033
21 34 -79.0491768
22 34 -568426.245
23 34 66769.7372
24 34 24279.486
25 34 14866.5726
26 34 115986.539
27 34 4807.23607
28 34 -5251411.04
29 34 584370.791
30 34 403094.263
31 34 -10190.7417
32 34 -330932.749
33 34 -9979.88667
34 34 15294589.9
35 34 -119925.75
36 34 382697.598
37 34 -1939.21513
38 34 146202.904
39 34 2716.75164
40 34 -3830867.9
41 34 -43885.9984
42 34 182000.846
43 34 -1901.5325
44 34 26620.3695
45 34 514.438052
46 34 -1553879.98
47 34 -28809.7637
48 34 -58144.5579
49 34 16.4410213
50 34 16557.8432
51 34 639.219899
52 34 -1079484.49
53 34 11993.6757
54 34 -56699.5503
55 34 283.070539
56 34 4853.80826
57 34 332.556186
58 34 -408846.942
59 34 21562.2077
60 34 -4253.65989
61 34 151.875578
62 34 5641.43852
63 34 436.788268
64 34 -416354.716
65 34 13416.6827
66 34 -21229.6264
67 34 -1049.3138
68 34 2576.98883
69 34 45.176459
70 34 -149721.631
71 34 -52008.6278
72 34 -18259.466
19 35 -4484.71319
20 35 -752.881211
21 35 178.622383
22 35 29519.278
23 35 -407115.879
24 35 -41914.4825
25 35 -90102.9589
26 35 -15665.6688
27 35 2928.31367
28 35 625997.259
29 35 -4417266.69
30 35 -463002.544
31 35 222659.831
32 35 9582.82273
33 35 8486.11781
34 35 -119925.75
35 35 12730679.2
36 35 843281.401
37 35 -74159.8662
38 35 3766.44279
39 35 -44.0730875
40 35 -95005.5028
41 35 -2951280.12
42 35 -165065.78
43 35 -23508.1888
44 35 2024.54332
45 35 -469.157786
46 35 -28881.0056
47 35 -1450416.79
48 35 -56968.9507
49 35 -10439.2465
50 35 354.135243
51 35 -253.649671
52 35 -11462.4623
53 35 -822397.484
54 35 -59246.4039
55 35 -4897.91009
56 35 -2.00075409
57 35 -64.2607022
58 35 268.602133
59 35 -410729.672
60 35 -30477.9006
61 35 -6120.41652
62 35 491.680178
63 35 -283.354623
64 35 -31437.8835
65 35 -447696.993
66 35 -40996.4458
67 35 -4078.72883
68 35 839.119871
69 35 -264.08489
70 35 -39920.6208
71 35 -229535.694
72 35 -28360.1768
19 36 -1120.68095
20 36 259.529607
21 36 62.1177321
22 36 -36488.2491
23 36 -72728.2335
24 36 -14071.872
25 36 -11667.235
26 36 -11285.0669
27 36 155.545933
28 36 280455.452
29 36 -533951.972
30 36 -223975.939
31 36 18958.359
32 36 13497.0814
33 36 607.771936
34 36 382697.598
35 36 843281.401
36 36 400518.091
37 36 -4017.48757
38 36 -7279.6846
39 36 53.2423282
40 36 -90542.5286
41 36 -147624.708
42 36 -109236.819
43 36 -755.276823
44 36 2042.07811
45 36 31.2222235
46 36 -112813.026
47 36 -54488.441
48 36 -15050.3455
49 36 -416.988549
50 36 1748.55559
51 36 52.7165764
52 36 -105820.284
53 36 -42689.8229
54 36 -12595.114
55 36 -212.386689
56 36 338.716535
57 36 20.0948306
58 36 -29565.8782
59 36 -20919.267
60 36 -2869.04264
61 36 -277.753196
62 36 417.012855
63 36 17.5293398
64 36 -31769.7557
65 36 -23510.8565
66 36 -4789.8906
67 36 -265.578223
68 36 200.630813
69 36 -9.19900996
70 36 -10786.2669
71 36 -14106.7518
72 36 -2786.04126
19 37 -22.9186582
20 37 0.107882004
21 37 0.568161019
22 37 0.467991379
23 37 -2969.03192
24 37 -91.6243541
25 37 -146.499991
26 37 188.379333
27 37 0.749828811
28 37 -9527.83359
29 37 -14427.901
30 37 -1003.36699
31 37 -1923.02715
32 37 -6.72507718
33 37 -42.0667415
34 37 -1939.21513
35 37 -74159.8662
36 37 -4017.48757
37 37 5623.7346
38 37 -1135.00591
39 37 124.935984
40 37 28311.8474
41 37 229306.32
42 37 8932.26683
43 37 -2935.07033
44 37 695.332067
45 37 -152.954891
46 37 -5599.40647
47 37 -88887.3031
48 37 -540.113617
49 37 -265.070553
50 37 184.053057
51 37 17.1546425
52 37 -2253.96826
53 37 -17818.1594
54 37 -1980.04836
55 37 -150.559505
56 37 39.1232115
57 37 -2.87467917
58 37 -1421.9916
59 37 -7924.7697
60 37 -971.209483
61 37 -66.800286
62 37 2.94402411
63 37 -3.06792723
64 37 -173.390374
65 37 -4597.48641
66 37 -418.952045
67 37 -54.9141728
68 37 5.35525238
69 37 -4.2044031
70 37 -233.288872
71 37 -3003.85497
72 37 -404.164449
19 38 -0.172629201
20 38 -22.8569957
21 38 -0.623525304
22 38 2974.12202
23 38 -41.8162082
24 38 -68.9469401
25 38 209.5328
26 38 -885.269015
27 38 -32.7543308
28 38 46860.796
29 38 10576.9329
30 38 -1192.28383
31 38 44.0527391
32 38 -4946.09669
33 38 -75.2792792
34 38 146202.904
35 38 3766.44279
36 38 -7279.6846
37 38 -1135.00591
38 38 11391.4082
39 38 130.962096
40 38 -322438.771
41 38 -28341.2727
42 38 62.1498291
43 38 725.709623
44 38 -4323.16578
45 38 -75.5266324
46 38 100804.216
47 38 6452.06882
48 38 3227.84524
49 38 178.447109
50 38 -894.129004
51 38 -19.7430448
52 38 29146.1438
53 38 2098.41511
54 38 4121.32643
55 38 34.0818787
56 38 -149.772564
57 38 -2.85980901
58 38 8089.9266
59 38 1154.03376
60 38 764.749656
61 38 -1.88815109
62 38 -61.6769009
63 38 -5.16625404
64 38 4289.75204
65 38 -150.739873
66 38 195.305341
67 38 12.3864645
68 38 -26.8976499
69 38 -0.661498639
70 38 1515.40693
71 38 625.459869
72 38 213.750026
19 39 -1.46910887
20 39 -1.07922371
21 39 -0.037601569
22 39 144.091467
23 39 -188.084511
24 39 -8.86670014
25 39 -28.3532076
26 39 -8.21106992
27 39 5.32099099
28 39 587.786705
29 39 -1166.7394
30 39 -41.2587032
31 39 63.8942751
32 39 -54.7556921
33 39 -31.5481343
34 39 2716.75164
35 39 -44.0730875
36 39 53.2423282
37 39 124.935984
38 39 130.962096
39 39 86.9426278
40 39 -7251.65896
41 39 9494.67979
42 39 28.9688165
43 39 -150.727303
44 39 -57.0974954
45 39 -43.8208137
46 39 2649.32771
47 39 -4819.59734
48 39 7.12049573
49 39 -7.80708039
50 39 -6.18337961
51 39 2.57094512
52 39 853.072799
53 39 -1132.13242
54 39 -42.232044
55 39 -6.42996482
56 39 -0.746012678
57 39 -0.343755717
58 39 156.46611
59 39 -336.872732
60 39 -31.3183368
61 39 -2.4325986
62 39 -2.69130582
63 39 -0.431961934
64 39 206.903431
65 39 -173.309659
66 39 -5.48073635
67 39 -0.877338328
68 39 -0.528488092
69 39 -0.119594968
70 39 31.1465583
71 39 -45.636138
72 39 -2.06922848
19 40 44.2901205
20 40 2111.46819
21 40 59.0130809
22 40 -278936.028
23 40 7811.76792
24 40 6834.82748
25 40 -4886.52834
26 40 22859.161
27 40 966.839088
28 40 -1562370.57
29 40 -259309.414
30 40 -2731.85646
31 40 -3164.88541
32 40 89077.0117
33 40 2172.35106
34 40 -3830867.9
35 40 -95005.5028
36 40 -90542.5286
37 40 28311.8474
38 40 -322438.771
39 40 -7251.65896
40 40 15702413.8
41 40 727281.736
42 40 681830.16
43 40 -12378.4635
44 40 135383.328
45 40 3762.54076
46 40 -4868900.25
47 40 -45156.5794
48 40 -163609.345
49 40 -5790.94755
50 40 47457.9489
51 40 1792.44771
52 40 -2205962.62
53 40 -39906.7619
54 40 -198106.361
55 40 -2394.01837
56 40 13641.3054
57 40 397.811895
58 40 -815007.479
59 40 -75983.6028
60 40 -59976.3297
61 40 235.857648
62 40 7185.55131
63 40 622.289609
64 40 -523371.526
65 40 19365.1001
66 40 -24849.4642
67 40 -1372.68227
68 40 3139.92522
69 40 82.447252
70 40 -180258.123
71 40 -69269.3892
72 40 -24169.1592
19 41 -2107.09859
20 41 -14.0103912
21 41 52.9708361
22 41 3400.52225
23 41 -277038.072
24 41 -8822.78311
25 41 -10375.4615
26 41 4420.93609
27 41 264.686638
28 41 -232483.236
29 41 -975694.859
30 41 -69893.8765
31 41 -52322.1948
32 41 2120.76853
33 41 -2788.31598
34 41 -43885.9984
35 41 -2951280.12
36 41 -147624.708
37 41 229306.32
38 41 -28341.2727
39 41 9494.67979
40 41 727281.736
41 41 14017911.4
42 41 664233.065
43 41 -112243.408
44 41 11237.1126
45 41 -6140.59293
46 41 262.065739
47 41 -4690576.86
48 41 -143614.284
49 41 -23422.6101
50 41 5991.02004
51 41 -230.733052
52 41 -47816.9423
53 41 -1689234.46
54 41 -154884.405
55 41 -13548.0016
56 41 2872.61725
57 41 -257.642634
58 41 -102319.576
59 41 -790691.53
60 41 -89332.8561
61 41 -7753.40423
62 41 319.880923
63 41 -362.068074
64 41 -18719.9837
65 41 -557548.359
66 41 -53482.5365
67 41 -6302.35492
68 41 582.375022
69 41 -475.97855
70 41 -25003.7829
71 41 -348375.902
72 41 -45985.1282
19 42 -108.744465
20 42 137.980096
21 42 6.7547484
22 42 -17854.6005
23 42 -14324.2792
24 42 -526.601572
25 42 -912.434303
26 42 89.5929679
27 42 37.3785128
28 42 -48680.4178
29 42 -78555.6736
30 42 -30107.9224
31 42 -3346.67665
32 42 -11922.3321
33 42 -238.336412
34 42 182000.846
35 42 -165065.78
36 42 -109236.819
37 42 8932.26683
38 42 62.1498291
39 42 28.9688165
40 42 681830.16
41 42 664233.065
42 42 316707.103
43 42 -703.45702
44 42 4662.42159
45 42 46.7341966
46 42 -188063.517
47 42 -137907.31
48 42 -96829.7859
49 42 -1935.12305
50 42 5478.21841
51 42 133.343397
52 42 -179991.298
53 42 -101350.52
54 42 -39190.5691
55 42 -1021.17143
56 42 1188.58983
57 42 14.1025192
58 42 -56570.2593
59 42 -54143.8987
60 42 -13459.9538
61 42 -373.684952
62 42 263.637944
63 42 3.92411532
64 42 -20192.1928
65 42 -30249.5434
66 42 -5156.33698
67 42 -384.268052
68 42 117.32384
69 42 -22.6069444
70 42 -5738.25825
71 42 -20503.7181
72 42 -3704.17186
19 43 -14.0977431
20 43 -0.85343128
21 43 0.47028689
22 43 118.809908
23 43 -1845.12927
24 43 -5.39159758
25 43 -45.2309346
26 43 40.4967094
27 43 4.85861132
28 43 -2420.26952
29 43 -4547.76915
30 43 -193.441012
31 43 -325.685842
32 43 45.5182245
33 43 -17.9426439
34 43 -1901.5325
35 43 -23508.1888
36 43 -755.276823
37 43 -2935.07033
38 43 725.709623
39 43 -150.727303
40 43 -12378.4635
41 43 -112243.408
42 43 -703.45702
43 43 5861.4967
44 43 -1574.64355
45 43 257.443493
46 43 30083.4523
47 43 264010.057
48 43 17271.3049
49 43 -1702.91778
50 43 617.794004
51 43 -80.237027
52 43 -3896.98387
53 43 -65335.8151
54 43 -10805.8068
55 43 -509.019464
56 43 97.4894314
57 43 -24.0179082
58 43 -3430.32249
59 43 -23412.8133
60 43 -3210.11781
61 43 -163.065633
62 43 55.9949823
63 43 0.579448222
64 43 -1538.35068
65 43 -9710.73011
66 43 -1203.55345
67 43 -98.5372017
68 43 9.13501759
69 43 -7.84256924
70 43 -390.307777
71 43 -5515.11162
72 43 -776.865417
19 44 -1.03207976
20 44 -15.1045291
21 44 0.0618589819
22 44 1974.93959
23 44 -149.003734
24 44 -69.8997941
25 44 42.0676021
26 44 -111.982856
27 44 -2.69192063
28 44 8695.69285
29 44 2489.63738
30 44 177.127162
31 44 48.9467581
32 44 -395.242746
33 44 -3.64113186
34 44 26620.3695
35 44 2024.54332
36 44 2042.07811
37 44 695.332067
38 44 -4323.16578
39 44 -57.0974954
40 44 135383.328
41 44 11237.1126
42 44 4662.42159
43 44 -1574.64355
44 44 9821.17246
45 44 175.607674
46 44 -345583.637
47 44 -30146.8768
48 44 -25085.822
49 44 590.350788
50 44 -4312.42905
51 44 -155.071791
52 44 111719.632
53 44 2930.76091
54 44 13572.767
55 44 89.5709758
56 44 -403.705494
57 44 -21.9976328
58 44 20029.8924
59 44 3021.81703
60 44 2079.23448
61 44 47.7127454
62 44 -147.251873
63 44 0.550674899
64 44 9082.56922
65 44 911.058268
66 44 762.584151
67 44 22.3919272
68 44 -48.778541
69 44 -2.3372108
70 44 2881.78261
71 44 1123.0469
72 44 398.368276
19 45 -0.64466521
20 45 -0.152977672
21 45 0.0161956501
22 45 26.1914982
23 45 -82.1108881
24 45 -0.947493954
25 45 7.3119619
26 45 2.15512171
27 45 0.326661243
28 45 -81.8520742
29 45 403.474713
30 45 18.7240062
31 45 -4.19628347
32 45 -4.80062656
33 45 -1.75482033
34 45 514.438052
35 45 -469.157786
36 45 31.2222235
37 45 -152.954891
38 45 -75.5266324
39 45 -43.8208137
40 45 3762.54076
41 45 -6140.59293
42 45 46.7341966
43 45 257.443493
44 45 175.607674
45 45 98.5200782
46 45 -10364.2678
47 45 11732.1556
48 45 63.2082564
49 45 -89.175206
50 45 -79.2566995
51 45 -41.1582459
52 45 3884.53403
53 45 -3483.33986
54 45 -146.212885
55 45 -24.8323797
56 45 -11.4961069
57 45 -4.03089017
58 45 736.843925
59 45 -1083.60395
60 45 -80.8408795
61 45 -0.824345616
62 45 -2.05177277
63 45 0.634546944
64 45 382.03802
65 45 -191.853007
66 45 -4.61359313
67 45 -0.61165367
68 45 -1.82850599
69 45 -0.281362087
70 45 114.952422
71 45 -23.683365
72 45 7.43724203
19 46 102.189958
20 46 1284.20084
21 46 -1.87360991
22 46 -172777.583
23 46 14889.5437
24 46 6337.36482
25 46 -1028.01589
26 46 4754.93648
27 46 148.357877
28 46 -468203.785
29 46 -53804.5202
30 46 -4665.2262
31 46 -1101.30289
32 46 18985.5799
33 46 403.097514
34 46 -1553879.98
35 46 -28881.0056
36 46 -112813.026
37 46 -5599.40647
38 46 100804.216
39 46 2649.32771
40 46 -4868900.25
41 46 262.065739
42 46 -188063.517
43 46 30083.4523
44 46 -345583.637
45 46 -10364.2678
46 46 19105928.8
47 46 714439.706
48 46 994409.567
49 46 -10441.3578
50 46 165825.17
51 46 7696.31638
52 46 -6166422.96
53 46 179356.328
54 46 -343268.268
55 46 -5593.20939
56 46 31739.7212
57 46 1839.36557
58 46 -1815116.59
59 46 -177687.221
60 46 -141612.488
61 46 -2761.98766
62 46 14863.2901
63 46 486.374405
64 46 -1071589.18
65 46 -34334.6243
66 46 -70358.2119
67 46 -2306.14851
68 46 5432.81058
69 46 273.920062
70 46 -384129.207
71 46 -115813.662
72 46 -43109.43
19 47 -1200.01206
20 47 -80.3801718
21 47 41.1030404
22 47 11374.151
23 47 -161607.418
24 47 -1006.07926
25 47 -2942.50193
26 47 992.019907
27 47 130.164944
28 47 -53743.9174
29 47 -348160.387
30 47 -17250.0336
31 47 -17140.2309
32 47 1035.42853
33 47 -1077.46736
34 47 -28809.7637
35 47 -1450416.79
36 47 -54488.441
37 47 -88887.3031
38 47 6452.06882
39 47 -4819.59734
40 47 -45156.5794
41 47 -4690576.86
42 47 -137907.31
43 47 264010.057
44 47 -30146.8768
45 47 11732.1556
46 47 714439.706
47 47 17274226.9
48 47 1159343.31
49 47 -86722.2798
50 47 11571.1044
51 47 -3783.32352
52 47 125840.939
53 47 -4504302.44
54 47 -514176.111
55 47 -38301.983
56 47 6312.62529
57 47 -1685.84893
58 47 -216619.017
59 47 -2005452.23
60 47 -252956.039
61 47 -16122.513
62 47 3742.08786
63 47 -238.332824
64 47 -108557.307
65 47 -1123276.19
66 47 -131090.412
67 47 -10639.9683
68 47 920.190915
69 47 -824.990838
70 47 -38476.8885
71 47 -659017.383
72 47 -88277.9447
19 48 -11.8028945
20 48 51.1672493
21 48 0.381951402
22 48 -6599.71247
23 48 -2039.30771
24 48 169.500311
25 48 -166.971575
26 48 321.98256
27 48 13.7464354
28 48 -25128.6346
29 48 -17497.5637
30 48 -2858.05682
31 48 -562.355569
32 48 839.480625
33 48 -15.5516591
34 48 -58144.5579
35 48 -56968.9507
36 48 -15050.3455
37 48 -540.113617
38 48 3227.84524
39 48 7.12049573
40 48 -163609.345
41 48 -143614.284
42 48 -96829.7859
43 48 17271.3049
44 48 -25085.822
45 48 63.2082564
46 48 994409.567
47 48 1159343.31
48 48 429383.469
49 48 -10537.7451
50 48 17154.5852
51 48 381.044733
52 48 -313431.696
53 48 -344580.172
54 48 -235986.529
55 48 -3350.25221
56 48 2784.31115
57 48 16.8115488
58 48 -120053.419
59 48 -163683.49
60 48 -40481.2985
61 48 -1176.44133
62 48 749.100271
63 48 -26.049302
64 48 -37624.071
65 48 -79636.0118
66 48 -16390.2636
67 48 -737.546538
68 48 152.979321
69 48 -47.1302814
70 48 -4580.71632
71 48 -44700.4894
72 48 -7301.41287
19 49 -17.9599352
20 49 -1.69690371
21 49 0.612333911
22 49 215.543461
23 49 -2348.14286
24 49 -8.19997429
25 49 -24.7385006
26 49 -2.07576072
27 49 -0.241763165
28 49 243.615773
29 49 -3219.70764
30 49 -132.062001
31 49 -100.229512
32 49 0.856893063
33 49 -8.20430032
34 49 16.4410213
35 49 -10439.2465
36 49 -416.988549
37 49 -265.070553
38 49 178.447109
39 49 -7.80708039
40 49 -5790.94755
41 49 -23422.6101
42 49 -1935.12305
43 49 -1702.91778
44 49 590.350788
45 49 -89.175206
46 49 -10441.3578
47 49 -86722.2798
48 49 -10537.7451
49 49 4548.31126
50 49 -1000.92532
51 49 125.379878
52 49 16317.434
53 49 242516.433
54 49 28305.6395
55 49 -1754.16159
56 49 -60.1181972
57 49 -173.068065
58 49 1815.18468
59 49 -67489.2997
60 49 -9961.01792
61 49 -372.57679
62 49 249.108828
63 49 51.9492035
64 49 -4489.67106
65 49 -20073.2526
66 49 -2948.22963
67 49 -230.121589
68 49 13.5739375
69 49 -16.4095727
70 49 -656.7747
71 49 -10908.9296
72 49 -1088.9404
19 50 -1.72222402
20 50 -20.4266179
21 50 0.11350857
22 50 2640.20204
23 50 -221.576269
24 50 -89.7610352
25 50 -1.95480301
26 50 -28.1117325
27 50 -0.935497603
28 50 3591.32607
29 50 -224.524897
30 50 22.9758654
31 50 5.28558708
32 50 -187.52669
33 50 -3.54063012
34 50 16557.8432
35 50 354.135243
36 50 1748.55559
37 50 184.053057
38 50 -894.129004
39 50 -6.18337961
40 50 47457.9489
41 50 5991.02004
42 50 5478.21841
43 50 617.794004
44 50 -4312.42905
45 50 -79.2566995
46 50 165825.17
47 50 11571.1044
48 50 17154.5852
49 50 -1000.92532
50 50 9510.44178
51 50 336.585555
52 50 -355947.153
53 50 -16031.2253
54 50 -24249.188
55 50 -4.04715812
56 50 -3139.62648
57 50 -165.814462
58 50 91472.7209
59 50 115.285715
60 50 4389.59725
61 50 253.102718
62 50 -679.790369
63 50 22.7437645
64 50 22978.6515
65 50 4149.37694
66 50 2831.83854
67 50 15.2975589
68 50 -160.122738
69 50 -8.14053113
70 50 7802.98875
71 50 1120.58444
72 50 766.078395
19 51 -0.491113359
20 51 -0.330690888
21 51 0.00898534131
22 51 51.660612
23 51 -60.3812162
24 51 -1.72510138
25 51 -0.564028669
26 51 -0.698934608
27 51 -0.064132838
28 51 122.970479
29 51 -66.9288885
30 51 -1.31256264
31 51 -2.09354331
32 51 -5.70413512
33 51 -0.536962421
34 51 639.219899
35 51 -253.649671
36 51 52.7165764
37 51 17.1546425
38 51 -19.7430448
39 51 2.57094512
40 51 1792.44771
41 51 -230.733052
42 51 133.343397
43 51 -80.237027
44 51 -155.071791
45 51 -41.1582459
46 51 7696.31638
47 51 -3783.32352
48 51 381.044733
49 51 125.379878
50 51 336.585555
51 51 97.4179713
52 51 -16887.1015
53 51 5772.46996
54 51 -286.637549
55 51 -96.6271614
56 51 -140.420322
57 51 -48.3367616
58 51 5140.20222
59 51 -2250.54035
60 51 -13.4114782
61 51 25.1492607
62 51 -9.70185987
63 51 9.23566221
64 51 775.69704
65 51 461.755452
66 51 89.747393
67 51 4.57322597
68 51 -6.46918288
69 51 -0.638816963
70 51 366.95706
71 51 229.022745
72 51 50.6335509
19 52 121.208588
20 52 1448.63371
21 52 -2.90680375
22 52 -193667.94
23 52 16054.8509
24 52 6888.05294
25 52 131.319954
26 52 2249.23181
27 52 99.1579161
28 52 -315776.226
29 52 15410.6203
30 52 -2310.36428
31 52 -217.271695
32 52 10622.4632
33 52 316.160792
34 52 -1079484.49
35 52 -11462.4623
36 52 -105820.284
37 52 -2253.96826
38 52 29146.1438
39 52 853.072799
40 52 -2205962.62
41 52 -47816.9423
42 52 -179991.298
43 52 -3896.98387
44 52 111719.632
45 52 3884.53403
46 52 -6166422.96
47 52 125840.939
48 52 -313431.696
49 52 16317.434
50 52 -355947.153
51 52 -16887.1015
52 52 19662006.7
53 52 344420.472
54 52 505367.328
55 52 -132.065245
56 52 143365.038
57 52 8804.47053
58 52 -5356224.24
59 52 -988.11256
60 52 -155581.131
61 52 -10846.6763
62 52 41145.3873
63 52 -202.119944
64 52 -1950871.88
65 52 -169577.197
66 52 -135003.019
67 52 -1790.46379
68 52 14127.4509
69 52 773.657504
70 52 -777865.343
71 52 -113625.831
72 52 -69629.3485
19 53 -1297.60991
20 53 -116.886753
21 53 45.47617
22 53 15269.0013
23 53 -175430.575
24 53 -1226.48508
25 53 -2040.67337
26 53 -144.526646
27 53 -19.1981253
28 53 17901.2494
29 53 -290759.315
30 53 -15911.9588
31 53 -7180.4698
32 53 -28.9038152
33 53 -607.212793
34 53 11993.6757
35 53 -822397.484
36 53 -42689.8229
37 53 -17818.1594
38 53 2098.41511
39 53 -1132.13242
40 53 -39906.7619
41 53 -1689234.46
42 53 -101350.52
43 53 -65335.8151
44 53 2930.76091
45 53 -3483.33986
46 53 179356.328
47 53 -4504302.44
48 53 -344580.172
49 53 242516.433
50 53 -16031.2253
51 53 5772.46996
52 53 344420.472
53 53 16538345.7
54 53 1486076.47
55 53 -96048.1639
56 53 -2531.23549
57 53 -6998.1146
58 53 108566.621
59 53 -4491963.78
60 53 -546170.398
61 53 -30140.4844
62 53 11075.8537
63 53 1479.99471
64 53 -220767.523
65 53 -1805702.84
66 53 -212375.969
67 53 -19955.9878
68 53 1277.90886
69 53 -1400.92095
70 53 -59189.8882
71 53 -1044716.32
72 53 -108573.249
19 54 -26.1617623
20 54 31.971936
21 54 0.786593702
22 54 -3867.14533
23 54 -4180.96337
24 54 36.5139553
